0.999950 0.000010 0.000010 0.000010 0.000010 0.000010
0.000010 0.168721 0.408805 0.000010 0.000010 0.422444
0.000010 0.005522 0.000010 0.000010 0.000010 0.994438
0.000010 0.000010 0.000010 0.000010 0.000010 0.999950
0.000010 0.181635 0.410286 0.000010 0.000010 0.408050
0.000010 0.492281 0.507679 0.000010 0.000010 0.000010
0.000010 0.493756 0.506204 0.000010 0.000010 0.000010
0.000010 0.471470 0.528490 0.000010 0.000010 0.000010
0.000010 0.474877 0.525083 0.000010 0.000010 0.000010
0.195034 0.082288 0.158233 0.064427 0.394105 0.105913
0.999950 0.000010 0.000010 0.000010 0.000010 0.000010
0.000010 0.453509 0.000010 0.546451 0.000010 0.000010
0.000010 0.476619 0.000010 0.523341 0.000010 0.000010
0.000010 0.468587 0.000010 0.531373 0.000010 0.000010
0.000010 0.478942 0.000010 0.521018 0.000010 0.000010
0.000010 0.005220 0.432699 0.000010 0.562051 0.000010
0.000010 0.510058 0.000010 0.489902 0.000010 0.000010
0.000010 0.019996 0.440607 0.000010 0.539367 0.000010
0.000010 0.000010 0.437906 0.562054 0.000010 0.000010
0.000010 0.000010 0.452859 0.547101 0.000010 0.000010
0.000010 0.439314 0.000010 0.560646 0.000010 0.000010
0.000010 0.432311 0.000010 0.567649 0.000010 0.000010
0.000010 0.000010 0.461688 0.538272 0.000010 0.000010
0.000010 0.000010 0.443358 0.556602 0.000010 0.000010
0.063103 0.134377 0.168944 0.380209 0.253357 0.000010
0.087514 0.137891 0.168086 0.399117 0.131792 0.075601
0.000010 0.062476 0.298201 0.215977 0.423327 0.000010
0.999950 0.000010 0.000010 0.000010 0.000010 0.000010
0.085543 0.185086 0.090777 0.401884 0.234098 0.002612
0.107944 0.130283 0.110919 0.395120 0.207766 0.047968
0.000010 0.000010 0.000010 0.628490 0.000010 0.371470
0.000010 0.000010 0.000010 0.000010 0.621572 0.378388
0.000010 0.000010 0.000010 0.000010 0.639312 0.360648
0.999950 0.000010 0.000010 0.000010 0.000010 0.000010
0.000010 0.000010 0.000010 0.633008 0.000010 0.366952
0.000010 0.000010 0.011411 0.537290 0.141110 0.310169
0.111411 0.000010 0.000010 0.211666 0.466177 0.210726
0.144292 0.000010 0.000010 0.239726 0.490903 0.125059
0.000010 0.000010 0.000010 0.000010 0.000010 0.999950
0.000010 0.000010 0.000010 0.000010 0.000010 0.999950
0.000010 0.000010 0.000010 0.000010 0.000010 0.999950
0.000010 0.000010 0.000010 0.000010 0.000010 0.999950
0.000010 0.212150 0.389558 0.000010 0.000010 0.398262
0.000012 0.484189 0.000010 0.515769 0.000010 0.000010
