0.000010 0.000010 0.000010 0.000010 0.000010 0.000010 0.000010 0.000010 0.999910 0.000010
0.000010 0.000010 0.432346 0.000010 0.000010 0.170631 0.000010 0.000010 0.000010 0.396953
0.000010 0.000010 0.999910 0.000010 0.000010 0.000010 0.000010 0.000010 0.000010 0.000010
0.000010 0.000010 0.999910 0.000010 0.000010 0.000010 0.000010 0.000010 0.000010 0.000010
0.000010 0.000010 0.417407 0.000010 0.000010 0.184166 0.000010 0.000010 0.000010 0.398357
0.000010 0.000010 0.000010 0.000010 0.000010 0.503212 0.000010 0.000010 0.000010 0.496708
0.000010 0.000010 0.000010 0.000010 0.000010 0.506196 0.000010 0.000010 0.000010 0.493724
0.000010 0.000010 0.000010 0.000010 0.000010 0.487910 0.000010 0.000010 0.000010 0.512010
0.000010 0.000010 0.000010 0.000010 0.000010 0.486545 0.000010 0.000010 0.000010 0.513375
0.000010 0.999910 0.000010 0.000010 0.000010 0.000010 0.000010 0.000010 0.000010 0.000010
0.000010 0.000010 0.000010 0.000010 0.000010 0.000010 0.000010 0.000010 0.999910 0.000010
0.519853 0.000010 0.000010 0.000010 0.000010 0.480067 0.000010 0.000010 0.000010 0.000010
0.504170 0.000010 0.000010 0.000010 0.000010 0.495750 0.000010 0.000010 0.000010 0.000010
0.509959 0.000010 0.000010 0.000010 0.000010 0.489961 0.000010 0.000010 0.000010 0.000010
0.504119 0.000010 0.000010 0.000010 0.000010 0.495801 0.000010 0.000010 0.000010 0.000010
0.000010 0.000010 0.000010 0.000010 0.000010 0.000010 0.000010 0.999910 0.000010 0.000010
0.472856 0.000010 0.000010 0.000010 0.000010 0.527064 0.000010 0.000010 0.000010 0.000010
0.000010 0.000010 0.000010 0.000010 0.000010 0.000010 0.000010 0.999910 0.000010 0.000010
0.546915 0.000010 0.000010 0.000010 0.000010 0.000010 0.000010 0.000010 0.000010 0.453005
0.529526 0.000010 0.000010 0.000010 0.000010 0.000010 0.000010 0.000010 0.000010 0.470394
0.539394 0.000010 0.000010 0.000010 0.000010 0.460526 0.000010 0.000010 0.000010 0.000010
0.551978 0.000010 0.000010 0.000010 0.000010 0.447942 0.000010 0.000010 0.000010 0.000010
0.523867 0.000010 0.000010 0.000010 0.000010 0.000010 0.000010 0.000010 0.000010 0.476053
0.536852 0.000010 0.000010 0.000010 0.000010 0.000010 0.000010 0.000010 0.000010 0.463068
0.321463 0.000010 0.000010 0.048466 0.107619 0.120360 0.000010 0.396914 0.000010 0.005138
0.282483 0.000010 0.000010 0.215479 0.000010 0.157566 0.000010 0.328907 0.015515 0.000010
0.230991 0.000010 0.000010 0.000010 0.000010 0.017936 0.000010 0.751003 0.000010 0.000010
0.000010 0.000010 0.000010 0.000010 0.000010 0.000010 0.000010 0.000010 0.999910 0.000010
0.335969 0.000010 0.000010 0.104602 0.000010 0.122558 0.000010 0.324106 0.112715 0.000010
0.229288 0.000010 0.000010 0.308676 0.000010 0.103620 0.000010 0.256082 0.087631 0.014663
0.000010 0.000010 0.000010 0.999910 0.000010 0.000010 0.000010 0.000010 0.000010 0.000010
0.000010 0.000010 0.000010 0.000010 0.000010 0.000010 0.999910 0.000010 0.000010 0.000010
0.000010 0.000010 0.000010 0.000010 0.000010 0.000010 0.999910 0.000010 0.000010 0.000010
0.000010 0.000010 0.000010 0.000010 0.000010 0.000010 0.000010 0.000010 0.999910 0.000010
0.000010 0.000010 0.000010 0.999910 0.000010 0.000010 0.000010 0.000010 0.000010 0.000010
0.000010 0.000010 0.000010 0.999910 0.000010 0.000010 0.000010 0.000010 0.000010 0.000010
0.000010 0.000010 0.000010 0.000010 0.999910 0.000010 0.000010 0.000010 0.000010 0.000010
0.000010 0.000010 0.000010 0.000010 0.999910 0.000010 0.000010 0.000010 0.000010 0.000010
0.000010 0.000010 0.999910 0.000010 0.000010 0.000010 0.000010 0.000010 0.000010 0.000010
0.000010 0.000010 0.999910 0.000010 0.000010 0.000010 0.000010 0.000010 0.000010 0.000010
0.000010 0.000010 0.999910 0.000010 0.000010 0.000010 0.000010 0.000010 0.000010 0.000010
0.000010 0.000010 0.999910 0.000010 0.000010 0.000010 0.000010 0.000010 0.000010 0.000010
0.000010 0.000010 0.409549 0.000010 0.000010 0.211555 0.000010 0.000010 0.000010 0.378826
0.496082 0.000010 0.000010 0.000010 0.000010 0.503838 0.000010 0.000010 0.000010 0.000010
