0.999980 0.000010 0.000010
0.000010 0.000010 0.999980
0.242401 0.757589 0.000010
0.000010 0.999980 0.000010
0.000010 0.999980 0.000010
0.030347 0.969643 0.000010
0.000010 0.999980 0.000010
0.000010 0.999980 0.000010
0.000010 0.999980 0.000010
0.000010 0.999980 0.000010
0.000010 0.000010 0.999980
0.000010 0.999980 0.000010
0.000010 0.095062 0.904928
0.249016 0.750974 0.000010
0.000010 0.999980 0.000010
0.000010 0.999980 0.000010
0.000010 0.999980 0.000010
0.000010 0.999980 0.000010
0.000010 0.992348 0.007642
0.000010 0.999980 0.000010
0.000010 0.000010 0.999980
0.000010 0.985597 0.014393
0.000010 0.999980 0.000010
0.000010 0.000010 0.999980
0.000010 0.999980 0.000010
0.000010 0.999980 0.000010
0.000010 0.999980 0.000010
0.000010 0.999980 0.000010
0.000010 0.999980 0.000010
0.047755 0.952235 0.000010
0.000010 0.999980 0.000010
0.999980 0.000010 0.000010
0.000010 0.999980 0.000010
0.237067 0.762923 0.000010
0.061681 0.938309 0.000010
0.000010 0.999980 0.000010
0.000010 0.999980 0.000010
0.136201 0.863789 0.000010
0.079299 0.920691 0.000010
0.200875 0.799115 0.000010
0.000010 0.999980 0.000010
0.000010 0.999980 0.000010
0.348512 0.648638 0.002850
0.366433 0.633557 0.000010
0.000010 0.000010 0.999980
0.999980 0.000010 0.000010
0.999980 0.000010 0.000010
0.999980 0.000010 0.000010
0.000010 0.999980 0.000010
0.999980 0.000010 0.000010
0.000010 0.000010 0.999980
0.999980 0.000010 0.000010
0.000010 0.000010 0.999980
0.999980 0.000010 0.000010
0.999980 0.000010 0.000010
0.000010 0.000010 0.999980
0.999980 0.000010 0.000010
0.999980 0.000010 0.000010
0.999980 0.000010 0.000010
0.000010 0.000010 0.999980
0.000010 0.000010 0.999980
0.000010 0.000010 0.999980
0.000010 0.000010 0.999980
0.000010 0.999980 0.000010
0.999980 0.000010 0.000010
0.000010 0.000010 0.999980
0.000010 0.999980 0.000010
0.000010 0.000010 0.999980
0.103444 0.753997 0.142559
0.000010 0.999980 0.000010
0.137227 0.862763 0.000010
0.999980 0.000010 0.000010
0.999980 0.000010 0.000010
0.999980 0.000010 0.000010
0.999980 0.000010 0.000010
0.999980 0.000010 0.000010
0.424117 0.575873 0.000010
0.000010 0.000010 0.999980
0.375264 0.624726 0.000010
0.356234 0.643756 0.000010
0.404154 0.595836 0.000010
0.999980 0.000010 0.000010
0.999980 0.000010 0.000010
0.978378 0.021612 0.000010
0.548181 0.335126 0.116693
0.309286 0.362508 0.328205
0.090344 0.900949 0.008707
0.999980 0.000010 0.000010
0.560212 0.388101 0.051687
0.919684 0.080306 0.000010
0.000010 0.999980 0.000010
0.000010 0.000010 0.999980
0.000010 0.000010 0.999980
0.999980 0.000010 0.000010
0.183352 0.706366 0.110282
0.999980 0.000010 0.000010
0.000010 0.765500 0.234490
0.550540 0.403161 0.046298
0.065421 0.934569 0.000010
0.072982 0.927008 0.000010
0.014787 0.000010 0.985203
0.066432 0.933558 0.000010
0.066432 0.933558 0.000010
0.153668 0.846322 0.000010
0.149391 0.850599 0.000010
0.090416 0.866393 0.043190
0.000010 0.948051 0.051939
0.150802 0.849188 0.000010
0.099596 0.884178 0.016226
0.195338 0.804652 0.000010
0.116679 0.883311 0.000010
0.116758 0.883232 0.000010
0.126835 0.873155 0.000010
0.142046 0.541685 0.316269
0.177866 0.773808 0.048326
0.177866 0.773808 0.048326
0.093603 0.782285 0.124112
0.084192 0.761947 0.153861
0.098409 0.901581 0.000010
0.000010 0.000010 0.999980
0.000010 0.000010 0.999980
0.999980 0.000010 0.000010
0.000010 0.999980 0.000010
0.999980 0.000010 0.000010
0.000010 0.999980 0.000010
0.000010 0.000010 0.999980
0.999980 0.000010 0.000010
0.000010 0.000010 0.999980
0.000010 0.000010 0.999980
0.122390 0.000010 0.877600
0.054204 0.112598 0.833198
0.000010 0.000010 0.999980
0.999980 0.000010 0.000010
0.000010 0.000010 0.999980
0.999980 0.000010 0.000010
0.000010 0.000010 0.999980
0.000010 0.000010 0.999980
0.000010 0.000010 0.999980
0.000010 0.000010 0.999980
0.000010 0.000010 0.999980
0.000010 0.000010 0.999980
0.000010 0.000010 0.999980
0.000010 0.000010 0.999980
0.000010 0.000010 0.999980
0.000010 0.000010 0.999980
0.000010 0.000010 0.999980
0.000010 0.000010 0.999980
0.000010 0.000010 0.999980
0.000010 0.000010 0.999980
0.000010 0.000010 0.999980
0.999980 0.000010 0.000010
0.999980 0.000010 0.000010
0.999980 0.000010 0.000010
0.999980 0.000010 0.000010
0.999980 0.000010 0.000010
0.999980 0.000010 0.000010
0.999980 0.000010 0.000010
0.999980 0.000010 0.000010
0.999980 0.000010 0.000010
0.999980 0.000010 0.000010
0.999980 0.000010 0.000010
0.999980 0.000010 0.000010
0.999980 0.000010 0.000010
0.041362 0.958628 0.000010
0.033940 0.966050 0.000010
0.022659 0.977331 0.000010
0.029039 0.970951 0.000010
0.000010 0.999980 0.000010
0.000010 0.999980 0.000010
0.000010 0.000010 0.999980
0.000010 0.000010 0.999980
0.999980 0.000010 0.000010
0.999980 0.000010 0.000010
0.999980 0.000010 0.000010
0.999980 0.000010 0.000010
0.999980 0.000010 0.000010
0.000010 0.000010 0.999980
0.999980 0.000010 0.000010
0.942318 0.030136 0.027546
0.999980 0.000010 0.000010
0.999980 0.000010 0.000010
0.922854 0.000010 0.077136
0.999980 0.000010 0.000010
0.000010 0.000010 0.999980
0.000010 0.000010 0.999980
0.000010 0.000010 0.999980
0.000010 0.000010 0.999980
0.999980 0.000010 0.000010
