0.255763 0.000010 0.000010 0.000010 0.000010 0.000010 0.000010 0.000010 0.000010 0.507524 0.000010 0.000010 0.000010 0.236604
0.000010 0.000010 0.000010 0.235778 0.000010 0.000010 0.455986 0.000010 0.000010 0.000010 0.000010 0.000010 0.308126 0.000010
0.000010 0.000010 0.000010 0.000010 0.550876 0.000010 0.000010 0.000010 0.000010 0.000010 0.000010 0.000010 0.449004 0.000010
0.000010 0.000010 0.439167 0.000010 0.000010 0.000010 0.000010 0.000010 0.000010 0.000010 0.560713 0.000010 0.000010 0.000010
0.000010 0.000010 0.999870 0.000010 0.000010 0.000010 0.000010 0.000010 0.000010 0.000010 0.000010 0.000010 0.000010 0.000010
0.000010 0.000010 0.999870 0.000010 0.000010 0.000010 0.000010 0.000010 0.000010 0.000010 0.000010 0.000010 0.000010 0.000010
0.000010 0.000010 0.427973 0.000010 0.000010 0.000010 0.000010 0.000010 0.000010 0.000010 0.571907 0.000010 0.000010 0.000010
0.000010 0.000010 0.000010 0.000010 0.000010 0.000010 0.000010 0.000010 0.000010 0.000010 0.999870 0.000010 0.000010 0.000010
0.000010 0.000010 0.000010 0.000010 0.000010 0.000010 0.000010 0.000010 0.000010 0.000010 0.999870 0.000010 0.000010 0.000010
0.000010 0.000010 0.000010 0.000010 0.000010 0.000010 0.000010 0.000010 0.000010 0.000010 0.999870 0.000010 0.000010 0.000010
0.000010 0.000010 0.000010 0.229987 0.000010 0.000010 0.473625 0.000010 0.000010 0.000010 0.000010 0.000010 0.296278 0.000010
0.000010 0.000010 0.000010 0.000010 0.000010 0.000010 0.000010 0.000010 0.000010 0.000010 0.999870 0.000010 0.000010 0.000010
0.000010 0.000010 0.000010 0.218788 0.000010 0.035030 0.422786 0.035920 0.017373 0.000010 0.000010 0.000010 0.270023 0.000010
0.000010 0.000010 0.000010 0.000010 0.561270 0.000010 0.000010 0.000010 0.000010 0.000010 0.000010 0.000010 0.438610 0.000010
0.000010 0.986566 0.000010 0.000010 0.000010 0.000010 0.000010 0.000010 0.000010 0.000010 0.000010 0.000010 0.013314 0.000010
0.000010 0.989868 0.000010 0.000010 0.000010 0.000010 0.000010 0.000010 0.000010 0.000010 0.009905 0.000010 0.000118 0.000010
0.000010 0.985118 0.000010 0.000010 0.000010 0.000010 0.000010 0.000010 0.000010 0.000010 0.000010 0.000010 0.014762 0.000010
0.000010 0.986967 0.000010 0.000010 0.000010 0.000010 0.000010 0.000010 0.000010 0.000010 0.002768 0.000010 0.010155 0.000010
0.159753 0.000010 0.000010 0.000010 0.000010 0.000010 0.000010 0.000010 0.000010 0.000010 0.492013 0.348124 0.000010 0.000010
0.112631 0.819527 0.000010 0.000010 0.000010 0.000010 0.000010 0.000010 0.000010 0.000010 0.000010 0.000010 0.067732 0.000010
0.000010 0.000010 0.000010 0.198477 0.000010 0.000010 0.519661 0.000010 0.000010 0.000010 0.000010 0.000010 0.281752 0.000010
0.159560 0.000010 0.000010 0.000010 0.000010 0.000010 0.000010 0.000010 0.000010 0.000010 0.506952 0.333378 0.000010 0.000010
0.000010 0.690725 0.000010 0.000010 0.000010 0.000010 0.000010 0.000010 0.000010 0.000010 0.309155 0.000010 0.000010 0.000010
0.038618 0.000010 0.000010 0.215470 0.000010 0.000010 0.463793 0.000010 0.000010 0.000010 0.000010 0.000010 0.282019 0.000010
0.000010 0.671118 0.000010 0.000010 0.000010 0.000010 0.000010 0.000010 0.000010 0.000010 0.328762 0.000010 0.000010 0.000010
0.000010 0.992616 0.000010 0.000010 0.000010 0.000010 0.000010 0.000010 0.000010 0.000010 0.007264 0.000010 0.000010 0.000010
0.000010 0.999870 0.000010 0.000010 0.000010 0.000010 0.000010 0.000010 0.000010 0.000010 0.000010 0.000010 0.000010 0.000010
0.000010 0.669944 0.000010 0.000010 0.000010 0.000010 0.000010 0.000010 0.000010 0.000010 0.329936 0.000010 0.000010 0.000010
0.000010 0.679208 0.000010 0.000010 0.000010 0.000010 0.000010 0.000010 0.000010 0.000010 0.320672 0.000010 0.000010 0.000010
0.000010 0.531481 0.000010 0.000010 0.075759 0.000010 0.000010 0.000010 0.000010 0.000010 0.178062 0.214598 0.000010 0.000010
0.065504 0.586168 0.012909 0.000010 0.064356 0.000010 0.000010 0.000010 0.000010 0.000010 0.165656 0.105327 0.000010 0.000010
0.290394 0.000010 0.000010 0.000010 0.000010 0.000010 0.000010 0.000010 0.000010 0.472821 0.000010 0.000010 0.000010 0.236675
0.095123 0.276558 0.000010 0.000010 0.000010 0.000010 0.000010 0.000010 0.000010 0.000010 0.336061 0.292158 0.000010 0.000010
0.000010 0.000010 0.000010 0.000010 0.555817 0.000010 0.000010 0.000010 0.000010 0.000010 0.000010 0.000010 0.444063 0.000010
0.010974 0.626577 0.000010 0.000010 0.000010 0.000010 0.000010 0.000010 0.000010 0.000017 0.153318 0.209023 0.000010 0.000010
0.103767 0.575953 0.008228 0.000010 0.000010 0.010022 0.000010 0.000010 0.000010 0.000010 0.106952 0.194998 0.000010 0.000010
0.000010 0.765085 0.221000 0.000010 0.000010 0.000010 0.000010 0.000010 0.000010 0.000010 0.000010 0.000010 0.000010 0.013805
0.000010 0.000010 0.159904 0.000010 0.000010 0.021933 0.000010 0.000010 0.000010 0.000010 0.000010 0.344724 0.000010 0.473339
0.000010 0.000010 0.177711 0.000010 0.000010 0.000010 0.000010 0.000010 0.000010 0.000010 0.000010 0.377988 0.000010 0.444191
0.000010 0.000010 0.000010 0.000010 0.556587 0.000010 0.000010 0.000010 0.000010 0.000010 0.000010 0.000010 0.443293 0.000010
0.000010 0.769393 0.222323 0.000010 0.000010 0.000010 0.000010 0.000010 0.000019 0.000010 0.000010 0.008165 0.000010 0.000010
0.000010 0.672973 0.116771 0.000010 0.000010 0.000010 0.000010 0.000010 0.000010 0.000010 0.000010 0.115683 0.000010 0.094473
0.000010 0.272755 0.023320 0.000010 0.000010 0.000010 0.000010 0.000010 0.000010 0.332950 0.000010 0.314137 0.056748 0.000010
0.000010 0.278025 0.000010 0.000010 0.000010 0.000010 0.000010 0.000010 0.000010 0.385626 0.000010 0.336239 0.000010 0.000010
0.000010 0.000010 0.000010 0.229987 0.000010 0.000010 0.473625 0.000010 0.000010 0.000010 0.000010 0.000010 0.296278 0.000010
0.259802 0.000010 0.000010 0.000010 0.000010 0.000010 0.000010 0.000010 0.000010 0.498942 0.000010 0.000010 0.000010 0.241146
0.406987 0.000010 0.000010 0.000010 0.000010 0.000010 0.000010 0.000010 0.000010 0.426287 0.000010 0.000010 0.000010 0.166616
0.259802 0.000010 0.000010 0.000010 0.000010 0.000010 0.000010 0.000010 0.000010 0.498942 0.000010 0.000010 0.000010 0.241146
0.000010 0.000010 0.000010 0.000010 0.000010 0.999870 0.000010 0.000010 0.000010 0.000010 0.000010 0.000010 0.000010 0.000010
0.300751 0.000010 0.000010 0.000010 0.000010 0.000010 0.000010 0.000010 0.000010 0.475695 0.000010 0.000010 0.000010 0.223444
0.000010 0.000010 0.000010 0.229987 0.000010 0.000010 0.473625 0.000010 0.000010 0.000010 0.000010 0.000010 0.296278 0.000010
0.259802 0.000010 0.000010 0.000010 0.000010 0.000010 0.000010 0.000010 0.000010 0.498942 0.000010 0.000010 0.000010 0.241146
0.000010 0.000010 0.000010 0.229987 0.000010 0.000010 0.473625 0.000010 0.000010 0.000010 0.000010 0.000010 0.296278 0.000010
0.260334 0.000010 0.000010 0.000010 0.000010 0.000010 0.000010 0.000010 0.000010 0.474999 0.000010 0.000010 0.000010 0.264557
0.289613 0.000010 0.000010 0.000010 0.000010 0.000010 0.000010 0.000010 0.000010 0.476370 0.000010 0.000010 0.000010 0.233907
0.000010 0.000010 0.000010 0.229987 0.000010 0.000010 0.473625 0.000010 0.000010 0.000010 0.000010 0.000010 0.296278 0.000010
0.316530 0.000010 0.000010 0.000010 0.000010 0.000010 0.000010 0.000010 0.000010 0.475466 0.000010 0.000010 0.000010 0.207895
0.266596 0.000010 0.000010 0.000010 0.000010 0.000010 0.000010 0.000010 0.000010 0.484523 0.000010 0.000010 0.000010 0.248771
0.283461 0.000010 0.000010 0.000010 0.000010 0.000010 0.000010 0.000010 0.000010 0.470016 0.000010 0.000010 0.000010 0.246413
0.000010 0.000010 0.000010 0.183627 0.000010 0.000010 0.486890 0.000010 0.000010 0.000010 0.000010 0.000010 0.329373 0.000010
0.000010 0.000010 0.000010 0.177583 0.000010 0.000010 0.521502 0.000010 0.000010 0.000010 0.000010 0.000010 0.300805 0.000010
0.000010 0.000010 0.000010 0.233757 0.000010 0.000010 0.473673 0.000010 0.000010 0.000010 0.000010 0.000010 0.292460 0.000010
0.000010 0.000010 0.000010 0.195143 0.000010 0.000010 0.501126 0.000010 0.000010 0.000010 0.000010 0.000010 0.303621 0.000010
0.000010 0.000010 0.000010 0.000010 0.000010 0.999870 0.000010 0.000010 0.000010 0.000010 0.000010 0.000010 0.000010 0.000010
0.412215 0.000010 0.000010 0.000010 0.000010 0.000010 0.000010 0.000010 0.000010 0.370439 0.000010 0.000010 0.000010 0.217236
0.000010 0.000010 0.000010 0.236807 0.000010 0.000010 0.492294 0.000010 0.000010 0.000010 0.000010 0.000010 0.270789 0.000010
0.000010 0.000010 0.000010 0.000010 0.000010 0.999870 0.000010 0.000010 0.000010 0.000010 0.000010 0.000010 0.000010 0.000010
0.000010 0.000010 0.000010 0.154686 0.000010 0.000010 0.547953 0.000010 0.000010 0.000010 0.000010 0.000010 0.297250 0.000010
0.406403 0.000010 0.000010 0.000010 0.000010 0.000010 0.108840 0.030011 0.000010 0.000010 0.000010 0.389685 0.064971 0.000010
0.000010 0.000010 0.000010 0.000010 0.000010 0.999870 0.000010 0.000010 0.000010 0.000010 0.000010 0.000010 0.000010 0.000010
0.150496 0.000010 0.000010 0.000010 0.000010 0.792447 0.000010 0.000010 0.000010 0.000010 0.000010 0.000010 0.000010 0.056948
0.268076 0.000010 0.000010 0.000010 0.000010 0.000010 0.000010 0.000010 0.000010 0.455678 0.000010 0.000010 0.000010 0.276136
0.243024 0.000010 0.000010 0.000010 0.000010 0.000010 0.000010 0.000010 0.000010 0.485003 0.000010 0.000010 0.000010 0.271864
0.268485 0.000010 0.000010 0.000010 0.000010 0.000010 0.000010 0.000010 0.000010 0.473134 0.000010 0.000010 0.000010 0.258271
0.314556 0.000010 0.000010 0.000010 0.000010 0.000010 0.000010 0.000010 0.000010 0.460763 0.000010 0.000010 0.000010 0.224570
0.426128 0.000010 0.000010 0.000010 0.000010 0.000010 0.000010 0.000010 0.000010 0.330034 0.000010 0.000010 0.000010 0.243728
0.000010 0.334691 0.000010 0.000010 0.000010 0.000010 0.000010 0.000010 0.000010 0.399904 0.000010 0.260363 0.003946 0.001007
0.000010 0.000010 0.000010 0.219797 0.000010 0.000010 0.464324 0.000010 0.000010 0.000010 0.000010 0.000010 0.315769 0.000010
0.000010 0.275620 0.000010 0.000010 0.000010 0.000010 0.000010 0.000010 0.000010 0.394829 0.000010 0.329091 0.000360 0.000010
0.000010 0.250715 0.000010 0.000010 0.000010 0.000010 0.000010 0.000010 0.000010 0.381607 0.000010 0.345966 0.021611 0.000010
0.000010 0.302151 0.000010 0.000010 0.000010 0.000010 0.000010 0.000010 0.000010 0.393581 0.000010 0.277702 0.026466 0.000010
0.252110 0.000010 0.000010 0.000010 0.000010 0.000010 0.000010 0.000010 0.000010 0.465380 0.000010 0.000010 0.000010 0.282400
0.284550 0.000010 0.000010 0.000010 0.000010 0.000010 0.000010 0.000010 0.000010 0.488406 0.000010 0.000010 0.000010 0.226934
0.360281 0.000010 0.000010 0.000010 0.000010 0.000010 0.000010 0.000010 0.000010 0.376814 0.000010 0.000010 0.041338 0.221467
0.035221 0.000010 0.000010 0.000010 0.000010 0.000845 0.108662 0.184232 0.145486 0.374735 0.074692 0.000010 0.076068 0.000010
0.208186 0.000010 0.000010 0.140417 0.000010 0.000368 0.055742 0.187541 0.129681 0.090297 0.073515 0.000010 0.114203 0.000010
0.000010 0.099371 0.000010 0.000010 0.011760 0.136061 0.000010 0.169248 0.122150 0.000010 0.000010 0.241125 0.165946 0.054279
0.374541 0.000010 0.000010 0.000010 0.000010 0.000010 0.000010 0.000010 0.000010 0.424598 0.000010 0.000010 0.000010 0.200751
0.158005 0.000010 0.000010 0.000010 0.000010 0.000010 0.000010 0.357521 0.000010 0.395562 0.000010 0.000010 0.088812 0.000010
0.379552 0.000010 0.000010 0.000010 0.000010 0.000010 0.000010 0.055838 0.000010 0.328709 0.000010 0.000010 0.000010 0.235801
0.000010 0.000010 0.000010 0.000010 0.000010 0.999870 0.000010 0.000010 0.000010 0.000010 0.000010 0.000010 0.000010 0.000010
0.000010 0.000010 0.000010 0.025707 0.000010 0.000010 0.638403 0.000010 0.000010 0.000010 0.000010 0.000010 0.335780 0.000010
0.000010 0.000010 0.000010 0.196265 0.000010 0.000010 0.546771 0.000010 0.000010 0.000010 0.000010 0.000010 0.256854 0.000010
0.348977 0.000010 0.000010 0.000010 0.000010 0.000010 0.000010 0.000010 0.000010 0.481181 0.000010 0.000010 0.000010 0.169732
0.369510 0.000010 0.000010 0.000010 0.000010 0.000010 0.000010 0.601744 0.000010 0.000010 0.000010 0.000010 0.028637 0.000010
0.342748 0.000010 0.000010 0.000010 0.000010 0.000010 0.000010 0.000010 0.000010 0.445700 0.000010 0.000010 0.000010 0.211442
0.154574 0.000010 0.000010 0.000010 0.096352 0.000010 0.161256 0.303711 0.269162 0.000010 0.000010 0.000010 0.014865 0.000010
0.155832 0.000010 0.000010 0.000010 0.000010 0.000010 0.000010 0.380313 0.000010 0.388170 0.000010 0.000010 0.075585 0.000010
0.000010 0.000010 0.000010 0.000010 0.000010 0.000010 0.000010 0.688405 0.000010 0.000010 0.000010 0.000010 0.000010 0.311475
0.000010 0.000010 0.000010 0.000010 0.000010 0.000010 0.000010 0.676680 0.000010 0.000010 0.000010 0.000010 0.000010 0.323200
0.041440 0.000010 0.000010 0.239752 0.000010 0.000010 0.456744 0.000010 0.000010 0.000010 0.000010 0.000010 0.261965 0.000010
0.000010 0.000010 0.000010 0.000010 0.000010 0.000010 0.000010 0.688424 0.000010 0.000010 0.000010 0.000010 0.000010 0.311456
0.000010 0.000010 0.000010 0.000010 0.000010 0.000010 0.000010 0.688424 0.000010 0.000010 0.000010 0.000010 0.000010 0.311456
0.000010 0.000010 0.000010 0.000010 0.999870 0.000010 0.000010 0.000010 0.000010 0.000010 0.000010 0.000010 0.000010 0.000010
0.000010 0.000010 0.000010 0.000010 0.999870 0.000010 0.000010 0.000010 0.000010 0.000010 0.000010 0.000010 0.000010 0.000010
0.000010 0.000010 0.000010 0.000010 0.000010 0.000010 0.000010 0.000010 0.999870 0.000010 0.000010 0.000010 0.000010 0.000010
0.000010 0.000010 0.000010 0.000010 0.000010 0.000010 0.000010 0.000010 0.999870 0.000010 0.000010 0.000010 0.000010 0.000010
0.000010 0.000010 0.000010 0.000010 0.999870 0.000010 0.000010 0.000010 0.000010 0.000010 0.000010 0.000010 0.000010 0.000010
0.000010 0.000010 0.000010 0.000010 0.000010 0.000010 0.000010 0.000010 0.999870 0.000010 0.000010 0.000010 0.000010 0.000010
0.139915 0.000010 0.000010 0.000010 0.859965 0.000010 0.000010 0.000010 0.000010 0.000010 0.000010 0.000010 0.000010 0.000010
0.000010 0.000010 0.000010 0.000010 0.000010 0.000010 0.000010 0.000010 0.999870 0.000010 0.000010 0.000010 0.000010 0.000010
0.000010 0.000010 0.000010 0.000010 0.000010 0.000010 0.000010 0.000010 0.999870 0.000010 0.000010 0.000010 0.000010 0.000010
0.000010 0.000010 0.000010 0.000010 0.000010 0.000010 0.000010 0.000010 0.999870 0.000010 0.000010 0.000010 0.000010 0.000010
0.280054 0.000010 0.000010 0.175669 0.000010 0.000010 0.000010 0.000010 0.514073 0.000010 0.030104 0.000010 0.000010 0.000010
0.226938 0.000010 0.000010 0.000010 0.000010 0.000010 0.000010 0.000010 0.336324 0.000010 0.000010 0.324132 0.112505 0.000010
0.226938 0.000010 0.000010 0.000010 0.000010 0.000010 0.000010 0.000010 0.336324 0.000010 0.000010 0.324132 0.112505 0.000010
0.315395 0.000010 0.110035 0.000010 0.000010 0.000010 0.000010 0.441408 0.000010 0.000010 0.133063 0.000010 0.000010 0.000010
0.301693 0.000010 0.090195 0.048299 0.000010 0.000010 0.000010 0.437985 0.000010 0.000010 0.121738 0.000010 0.000010 0.000010
0.058395 0.000010 0.000010 0.000010 0.000010 0.941485 0.000010 0.000010 0.000010 0.000010 0.000010 0.000010 0.000010 0.000010
0.000010 0.000010 0.000010 0.145433 0.000010 0.000010 0.552061 0.000010 0.000010 0.000010 0.000010 0.000010 0.302396 0.000010
0.000010 0.000010 0.000010 0.168798 0.000010 0.000010 0.538437 0.000010 0.000010 0.000010 0.000010 0.000010 0.292656 0.000010
0.261412 0.000010 0.000010 0.000010 0.000010 0.000010 0.000010 0.000010 0.000010 0.472519 0.000010 0.000010 0.000010 0.265959
0.000010 0.000010 0.000010 0.000010 0.000010 0.999870 0.000010 0.000010 0.000010 0.000010 0.000010 0.000010 0.000010 0.000010
0.366432 0.000010 0.000010 0.000010 0.000010 0.000010 0.000010 0.000010 0.000010 0.441879 0.000010 0.000010 0.000010 0.191580
0.000010 0.000010 0.000010 0.000010 0.000010 0.999870 0.000010 0.000010 0.000010 0.000010 0.000010 0.000010 0.000010 0.000010
0.000010 0.000010 0.000010 0.192697 0.000010 0.000010 0.507434 0.000010 0.000010 0.000010 0.000010 0.000010 0.299758 0.000010
0.351928 0.000010 0.000010 0.000010 0.000010 0.000010 0.000010 0.000010 0.000010 0.453667 0.000010 0.000010 0.000010 0.194296
0.000010 0.000010 0.000010 0.212163 0.000010 0.000010 0.494042 0.000010 0.000010 0.000010 0.000010 0.000010 0.293685 0.000010
0.000010 0.000010 0.000010 0.220237 0.000010 0.000010 0.457417 0.000010 0.000010 0.000010 0.000010 0.000010 0.322236 0.000010
0.038874 0.000010 0.000010 0.270831 0.000010 0.000010 0.327217 0.000010 0.000018 0.048651 0.000010 0.000010 0.256733 0.057606
0.135202 0.000010 0.000010 0.222240 0.000010 0.000010 0.381804 0.000010 0.095896 0.000010 0.000010 0.000010 0.164769 0.000010
0.000010 0.000010 0.000010 0.232541 0.000010 0.000010 0.472464 0.000010 0.000010 0.000010 0.000010 0.000010 0.294885 0.000010
0.282253 0.000010 0.000010 0.000010 0.000010 0.000010 0.000010 0.000010 0.000010 0.490210 0.000010 0.000010 0.000010 0.227428
0.000010 0.000010 0.000010 0.212163 0.000018 0.000010 0.494038 0.000010 0.000010 0.000010 0.000010 0.000010 0.293682 0.000010
0.266596 0.000010 0.000010 0.000010 0.000010 0.000010 0.000010 0.000010 0.000010 0.484523 0.000010 0.000010 0.000010 0.248771
0.000010 0.000010 0.000010 0.574864 0.000010 0.000010 0.000010 0.000010 0.000010 0.000010 0.000010 0.000010 0.425016 0.000010
0.000010 0.000010 0.000010 0.547387 0.000010 0.000010 0.000010 0.000010 0.000010 0.000010 0.000010 0.000010 0.452493 0.000010
0.000010 0.000010 0.000010 0.554489 0.000010 0.000010 0.000010 0.000010 0.000010 0.000010 0.000010 0.000010 0.445391 0.000010
0.000010 0.000010 0.000010 0.547387 0.000010 0.000010 0.000010 0.000010 0.000010 0.000010 0.000010 0.000010 0.452493 0.000010
0.000010 0.000010 0.000010 0.547387 0.000010 0.000010 0.000010 0.000010 0.000010 0.000010 0.000010 0.000010 0.452493 0.000010
0.000010 0.000010 0.000010 0.260138 0.000010 0.000010 0.461873 0.000010 0.000010 0.000010 0.000010 0.000010 0.277879 0.000010
0.000010 0.000010 0.000010 0.554489 0.000010 0.000010 0.000010 0.000010 0.000010 0.000010 0.000010 0.000010 0.445391 0.000010
0.000010 0.000010 0.000010 0.546666 0.000010 0.000010 0.000010 0.000010 0.000010 0.000010 0.000010 0.000010 0.453214 0.000010
0.000010 0.000010 0.000010 0.554489 0.000010 0.000010 0.000010 0.000010 0.000010 0.000010 0.000010 0.000010 0.445391 0.000010
0.000010 0.000010 0.000010 0.565118 0.000010 0.000010 0.000010 0.000010 0.000010 0.000010 0.000010 0.000010 0.434762 0.000010
0.000010 0.000010 0.000010 0.554489 0.000010 0.000010 0.000010 0.000010 0.000010 0.000010 0.000010 0.000010 0.445391 0.000010
0.000010 0.000010 0.000010 0.544856 0.000010 0.000010 0.000010 0.000010 0.000010 0.000010 0.000010 0.000010 0.455024 0.000010
0.000010 0.000010 0.000010 0.547387 0.000010 0.000010 0.000010 0.000010 0.000010 0.000010 0.000010 0.000010 0.452493 0.000010
0.000010 0.000010 0.000010 0.554489 0.000010 0.000010 0.000010 0.000010 0.000010 0.000010 0.000010 0.000010 0.445391 0.000010
0.000010 0.000010 0.000010 0.548203 0.000010 0.000010 0.000010 0.000010 0.000010 0.000010 0.000010 0.000010 0.451677 0.000010
0.259802 0.000010 0.000010 0.000010 0.000010 0.000010 0.000010 0.000010 0.000010 0.498942 0.000010 0.000010 0.000010 0.241146
0.260334 0.000010 0.000010 0.000010 0.000010 0.000010 0.000010 0.000010 0.000010 0.474999 0.000010 0.000010 0.000010 0.264557
0.290850 0.000010 0.000010 0.000010 0.000010 0.000010 0.000010 0.000010 0.000010 0.426342 0.000010 0.000010 0.000010 0.282698
0.256646 0.000010 0.000010 0.000010 0.000010 0.000010 0.000010 0.000010 0.000010 0.489170 0.000010 0.000010 0.000010 0.254074
0.266968 0.000010 0.000010 0.000010 0.000010 0.000010 0.000010 0.000010 0.000010 0.492381 0.000010 0.000010 0.000010 0.240542
0.289994 0.000010 0.000010 0.000010 0.000010 0.000010 0.000010 0.000010 0.000010 0.490078 0.000010 0.000010 0.000010 0.219817
0.256646 0.000010 0.000010 0.000010 0.000010 0.000010 0.000010 0.000010 0.000010 0.489170 0.000010 0.000010 0.000010 0.254074
0.326818 0.000010 0.000010 0.000010 0.000010 0.000010 0.000010 0.000010 0.000010 0.427048 0.000010 0.000010 0.000010 0.246024
0.259802 0.000010 0.000010 0.000010 0.000010 0.000010 0.000010 0.000010 0.000010 0.498942 0.000010 0.000010 0.000010 0.241146
0.342126 0.000010 0.000010 0.000010 0.000010 0.000010 0.000010 0.000010 0.000010 0.441210 0.000010 0.000010 0.000010 0.216554
0.256646 0.000010 0.000010 0.000010 0.000010 0.000010 0.000010 0.000010 0.000010 0.489170 0.000010 0.000010 0.000010 0.254074
0.282696 0.000010 0.000010 0.000010 0.000010 0.000010 0.000010 0.000010 0.000010 0.450420 0.000010 0.000010 0.000010 0.266774
0.256646 0.000010 0.000010 0.000010 0.000010 0.000010 0.000010 0.000010 0.000010 0.489170 0.000010 0.000010 0.000010 0.254074
0.000010 0.000010 0.999870 0.000010 0.000010 0.000010 0.000010 0.000010 0.000010 0.000010 0.000010 0.000010 0.000010 0.000010
0.000010 0.000010 0.999870 0.000010 0.000010 0.000010 0.000010 0.000010 0.000010 0.000010 0.000010 0.000010 0.000010 0.000010
0.000010 0.000010 0.999870 0.000010 0.000010 0.000010 0.000010 0.000010 0.000010 0.000010 0.000010 0.000010 0.000010 0.000010
0.000010 0.000010 0.999870 0.000010 0.000010 0.000010 0.000010 0.000010 0.000010 0.000010 0.000010 0.000010 0.000010 0.000010
0.000010 0.000010 0.431807 0.000010 0.000010 0.000010 0.000010 0.000010 0.000010 0.000010 0.568073 0.000010 0.000010 0.000010
0.000010 0.951823 0.000010 0.000010 0.000010 0.000010 0.000010 0.000010 0.000010 0.000010 0.048057 0.000010 0.000010 0.000010
0.000010 0.000010 0.000010 0.126817 0.000010 0.000010 0.608747 0.000010 0.000010 0.000010 0.000010 0.000010 0.264326 0.000010
0.000010 0.000010 0.000010 0.197820 0.000010 0.000010 0.504768 0.000010 0.000010 0.000010 0.000010 0.000010 0.297303 0.000010
0.254391 0.000010 0.000010 0.000010 0.000010 0.000010 0.000010 0.000010 0.000010 0.422065 0.000010 0.000010 0.000010 0.323434
0.287390 0.000010 0.000010 0.000010 0.000010 0.000010 0.000010 0.000010 0.000010 0.499747 0.000010 0.000010 0.000010 0.212753
0.255763 0.000010 0.000010 0.000010 0.000010 0.000010 0.000010 0.000010 0.000010 0.507524 0.000010 0.000010 0.000010 0.236604
0.276743 0.000010 0.000010 0.000010 0.000010 0.000010 0.000010 0.000010 0.000010 0.489528 0.000010 0.000010 0.000010 0.233619
0.259802 0.000010 0.000010 0.000010 0.000010 0.000010 0.000010 0.000010 0.000010 0.498942 0.000010 0.000010 0.000010 0.241146
0.000010 0.000010 0.000010 0.205648 0.000010 0.000010 0.493806 0.000010 0.000010 0.000010 0.000010 0.000010 0.300436 0.000010
0.266596 0.000010 0.000010 0.000010 0.000010 0.000010 0.000010 0.000010 0.000010 0.484523 0.000010 0.000010 0.000010 0.248771
0.215494 0.000010 0.000010 0.000010 0.000010 0.000010 0.000010 0.000010 0.070859 0.483243 0.000010 0.000010 0.028263 0.202050
0.259802 0.000010 0.000010 0.000010 0.000010 0.000010 0.000010 0.000010 0.000010 0.498942 0.000010 0.000010 0.000010 0.241146
0.259210 0.000010 0.000010 0.000010 0.000010 0.000010 0.000010 0.000010 0.000010 0.485888 0.000010 0.000010 0.000010 0.254792
0.248347 0.000010 0.000010 0.059979 0.000010 0.000010 0.000010 0.000010 0.000010 0.484436 0.000010 0.000010 0.000010 0.207138
0.259802 0.000010 0.000010 0.000010 0.000010 0.000010 0.000010 0.000010 0.000010 0.498942 0.000010 0.000010 0.000010 0.241146
0.000010 0.000010 0.000010 0.205648 0.000010 0.000010 0.493806 0.000010 0.000010 0.000010 0.000010 0.000010 0.300436 0.000010
0.000010 0.000010 0.000010 0.205648 0.000010 0.000010 0.493806 0.000010 0.000010 0.000010 0.000010 0.000010 0.300436 0.000010
0.000010 0.000010 0.000010 0.205648 0.000010 0.000010 0.493806 0.000010 0.000010 0.000010 0.000010 0.000010 0.300436 0.000010
0.000010 0.000010 0.000010 0.188381 0.000010 0.000010 0.503966 0.000010 0.000010 0.000010 0.000010 0.000010 0.307543 0.000010
0.281416 0.000010 0.000010 0.000010 0.000010 0.000010 0.000010 0.000010 0.000010 0.491440 0.000010 0.000010 0.000010 0.227033
