0.000010 0.510288 0.000010 0.000010 0.429176 0.000010 0.000010 0.000010 0.000010 0.060466
0.000010 0.510288 0.000010 0.000010 0.429176 0.000010 0.000010 0.000010 0.000010 0.060466
0.000010 0.000010 0.000010 0.000010 0.000010 0.000010 0.000010 0.000010 0.999910 0.000010
0.000010 0.496795 0.000010 0.000010 0.387369 0.000010 0.000010 0.000010 0.000010 0.115766
0.000010 0.000010 0.000010 0.999910 0.000010 0.000010 0.000010 0.000010 0.000010 0.000010
0.000010 0.510288 0.000010 0.000010 0.429176 0.000010 0.000010 0.000010 0.000010 0.060466
0.000010 0.000010 0.000010 0.999910 0.000010 0.000010 0.000010 0.000010 0.000010 0.000010
0.000010 0.492179 0.000010 0.000010 0.315523 0.000010 0.000010 0.000010 0.000010 0.192228
0.000010 0.000010 0.000010 0.999910 0.000010 0.000010 0.000010 0.000010 0.000010 0.000010
0.000010 0.547246 0.000010 0.000010 0.437817 0.000010 0.000010 0.000010 0.000010 0.014867
0.000010 0.507028 0.000010 0.000010 0.369008 0.000010 0.000010 0.000010 0.000010 0.123894
0.000010 0.000010 0.000010 0.999910 0.000010 0.000010 0.000010 0.000010 0.000010 0.000010
0.000010 0.000010 0.000010 0.999910 0.000010 0.000010 0.000010 0.000010 0.000010 0.000010
0.000010 0.485078 0.000010 0.000010 0.514842 0.000010 0.000010 0.000010 0.000010 0.000010
0.000010 0.525316 0.000010 0.000010 0.474604 0.000010 0.000010 0.000010 0.000010 0.000010
0.000010 0.000010 0.000010 0.000010 0.999910 0.000010 0.000010 0.000010 0.000010 0.000010
0.624818 0.000010 0.000010 0.000010 0.190234 0.000010 0.000010 0.000010 0.000010 0.184879
0.722420 0.064500 0.000010 0.000010 0.000010 0.000010 0.000010 0.000010 0.000010 0.213010
0.727406 0.076219 0.000010 0.000010 0.196305 0.000010 0.000010 0.000010 0.000010 0.000010
0.663310 0.092371 0.000010 0.000010 0.004909 0.000010 0.000010 0.000010 0.000010 0.239350
0.000010 0.488261 0.000010 0.000010 0.322042 0.000010 0.000010 0.000010 0.000010 0.189627
0.000010 0.514965 0.000010 0.000010 0.484955 0.000010 0.000010 0.000010 0.000010 0.000010
0.000010 0.000010 0.000010 0.000010 0.000010 0.000010 0.000010 0.000010 0.000010 0.999910
0.000010 0.000010 0.999910 0.000010 0.000010 0.000010 0.000010 0.000010 0.000010 0.000010
0.000010 0.000010 0.000010 0.000010 0.428659 0.000010 0.000010 0.000010 0.000010 0.571261
0.000010 0.000010 0.000010 0.000010 0.000010 0.000010 0.000010 0.999910 0.000010 0.000010
0.000010 0.000010 0.000010 0.000010 0.000010 0.999910 0.000010 0.000010 0.000010 0.000010
0.000010 0.000010 0.000010 0.000010 0.000010 0.000010 0.000010 0.000010 0.999910 0.000010
0.000010 0.000010 0.000010 0.000010 0.000010 0.000010 0.999910 0.000010 0.000010 0.000010
0.000010 0.000010 0.000010 0.892550 0.000010 0.000010 0.107370 0.000010 0.000010 0.000010
0.000010 0.515415 0.000010 0.000010 0.484505 0.000010 0.000010 0.000010 0.000010 0.000010
0.000010 0.000010 0.000010 0.000010 0.000010 0.000010 0.000010 0.000010 0.999910 0.000010
0.000010 0.000010 0.000010 0.999910 0.000010 0.000010 0.000010 0.000010 0.000010 0.000010
0.000010 0.419900 0.000010 0.000010 0.337514 0.000010 0.000010 0.000010 0.000010 0.242516
0.000010 0.000010 0.000010 0.000010 0.000010 0.000010 0.000010 0.000010 0.999910 0.000010
0.000010 0.000010 0.000010 0.000010 0.468415 0.000010 0.000010 0.000010 0.000010 0.531505
0.000010 0.000010 0.000010 0.000010 0.000010 0.000010 0.000010 0.000010 0.999910 0.000010
