0.000010 0.000010 0.000010 0.000010 0.000010 0.000010 0.416356 0.000010 0.583574
0.000010 0.000010 0.000010 0.620011 0.000010 0.000010 0.379919 0.000010 0.000010
0.084926 0.000010 0.509040 0.000010 0.000010 0.405975 0.000010 0.000010 0.000010
0.000010 0.000010 0.000010 0.000010 0.000010 0.999920 0.000010 0.000010 0.000010
0.000010 0.645744 0.000010 0.000010 0.000010 0.000010 0.354186 0.000010 0.000010
0.000010 0.000010 0.000010 0.253829 0.263546 0.000010 0.263445 0.000010 0.219131
0.000010 0.379638 0.000010 0.000010 0.259168 0.000010 0.121663 0.000010 0.239481
0.000010 0.000010 0.000010 0.000010 0.593936 0.000010 0.405994 0.000010 0.000010
0.000010 0.000010 0.000010 0.256087 0.255138 0.000010 0.268097 0.000010 0.220628
0.478117 0.000010 0.000010 0.000010 0.000010 0.521813 0.000010 0.000010 0.000010
0.000010 0.000010 0.000010 0.337088 0.224244 0.000010 0.186505 0.000010 0.252113
0.000010 0.000010 0.000010 0.312667 0.000010 0.000010 0.126949 0.560325 0.000010
0.000010 0.000010 0.000010 0.256087 0.255138 0.000010 0.268097 0.000010 0.220628
0.000010 0.000010 0.000010 0.253829 0.263546 0.000010 0.263445 0.000010 0.219131
0.000010 0.000010 0.000010 0.000010 0.202980 0.000010 0.000010 0.634995 0.161965
0.000010 0.000010 0.000010 0.256087 0.255138 0.000010 0.268097 0.000010 0.220628
0.478117 0.000010 0.000010 0.000010 0.000010 0.521813 0.000010 0.000010 0.000010
0.478117 0.000010 0.000010 0.000010 0.000010 0.521813 0.000010 0.000010 0.000010
0.478117 0.000010 0.000010 0.000010 0.000010 0.521813 0.000010 0.000010 0.000010
0.574481 0.000010 0.000010 0.000010 0.000010 0.425449 0.000010 0.000010 0.000010
0.000010 0.000010 0.000010 0.401463 0.209976 0.000010 0.109718 0.000010 0.278793
