0.000010 0.999960 0.000010 0.000010 0.000010
0.486188 0.489579 0.024213 0.000010 0.000010
0.000010 0.000010 0.000010 0.411963 0.588007
0.000010 0.000010 0.000010 0.428081 0.571889
0.000010 0.000010 0.999960 0.000010 0.000010
0.464130 0.535840 0.000010 0.000010 0.000010
0.276134 0.357990 0.365856 0.000010 0.000010
0.495790 0.504180 0.000010 0.000010 0.000010
0.453087 0.546883 0.000010 0.000010 0.000010
0.000010 0.000010 0.000010 0.431758 0.568212
0.483437 0.516533 0.000010 0.000010 0.000010
0.629897 0.229687 0.000010 0.140396 0.000010
0.453087 0.546883 0.000010 0.000010 0.000010
0.464130 0.535840 0.000010 0.000010 0.000010
0.561784 0.273459 0.000010 0.164737 0.000010
0.453087 0.546883 0.000010 0.000010 0.000010
0.000010 0.000010 0.000010 0.431758 0.568212
0.000010 0.000010 0.000010 0.431758 0.568212
0.000010 0.000010 0.000010 0.431758 0.568212
0.000010 0.000010 0.000010 0.434264 0.565706
0.508149 0.491821 0.000010 0.000010 0.000010
