0.307750 0.692180 0.000010 0.000010 0.000010 0.000010 0.000010 0.000010 0.000010
0.000010 0.082581 0.000010 0.000010 0.000010 0.363104 0.000010 0.554255 0.000010
0.280199 0.000010 0.136603 0.000010 0.212455 0.000010 0.186600 0.184104 0.000010
0.000010 0.082580 0.000010 0.000010 0.000010 0.363103 0.000010 0.554256 0.000010
0.000010 0.082579 0.000010 0.000010 0.000010 0.363109 0.000010 0.554252 0.000010
0.280156 0.000010 0.136584 0.000010 0.212373 0.000010 0.186578 0.184269 0.000010
0.000010 0.132117 0.475136 0.000010 0.392686 0.000010 0.000010 0.000010 0.000010
0.268834 0.000010 0.141110 0.000010 0.200287 0.004439 0.176874 0.208426 0.000010
0.000010 0.000010 0.000010 0.767873 0.232057 0.000010 0.000010 0.000010 0.000010
0.279637 0.000010 0.136959 0.000010 0.211746 0.000010 0.186158 0.185460 0.000010
0.172103 0.000010 0.000010 0.000010 0.474987 0.000010 0.000010 0.169330 0.183530
0.000010 0.082578 0.000010 0.000010 0.000010 0.363109 0.000010 0.554252 0.000010
0.275460 0.000010 0.139798 0.000010 0.206820 0.000010 0.182843 0.195039 0.000010
0.000010 0.000010 0.147349 0.000010 0.075695 0.000010 0.301027 0.000010 0.475879
