0.000010 0.999950 0.000010 0.000010 0.000010 0.000010
0.513583 0.000010 0.000010 0.000010 0.486377 0.000010
0.456792 0.000010 0.000010 0.000010 0.091789 0.451389
0.425180 0.000010 0.000010 0.000010 0.000010 0.574780
0.370882 0.000010 0.096037 0.000010 0.000010 0.533051
0.000010 0.935856 0.000010 0.064104 0.000010 0.000010
0.456792 0.000010 0.000010 0.000010 0.091789 0.451389
0.000010 0.000010 0.000010 0.999950 0.000010 0.000010
0.000010 0.967941 0.000010 0.032019 0.000010 0.000010
0.000010 0.999950 0.000010 0.000010 0.000010 0.000010
0.000010 0.000010 0.000010 0.000010 0.999950 0.000010
0.465943 0.000010 0.000010 0.000010 0.534017 0.000010
0.412474 0.000010 0.000010 0.000010 0.344330 0.243167
0.518963 0.000010 0.000010 0.000010 0.480997 0.000010
0.000010 0.000010 0.000010 0.999950 0.000010 0.000010
0.425247 0.000010 0.000010 0.000010 0.000010 0.574713
0.000010 0.000010 0.000010 0.000010 0.041462 0.958498
0.424480 0.000010 0.000010 0.000010 0.000010 0.575480
0.000010 0.999950 0.000010 0.000010 0.000010 0.000010
0.421238 0.000010 0.000010 0.000010 0.000010 0.578722
0.301234 0.000010 0.000010 0.000010 0.000010 0.698726
0.000010 0.000010 0.999950 0.000010 0.000010 0.000010
0.400523 0.000010 0.599437 0.000010 0.000010 0.000010
0.581142 0.000010 0.000010 0.000010 0.418818 0.000010
0.000010 0.983008 0.000010 0.016952 0.000010 0.000010
0.421238 0.000010 0.000010 0.000010 0.000010 0.578722
0.000010 0.999950 0.000010 0.000010 0.000010 0.000010
0.476324 0.000010 0.000010 0.000010 0.042275 0.481371
0.000010 0.999950 0.000010 0.000010 0.000010 0.000010
